$ANSIBLE_VAULT;1.1;AES256
63386336326237373031396536633766303433663164646131303836653536623337323063636432
3432303635313736373261656661363565323537613833380a623937353966363764613037623832
30326562356331666230623938386432303965323363333536626564303930363661653236613032
6163316361663539390a336664653538333061376637666135376132363466316432393366373935
38383931363964623936363536386131323432626264333831336565313961643763623562386235
61333162623636376561626338386433653136323366656337646363353435626566623836313866
30653065383933376532346130323438666462346464643437343066303131303332373032313639
62393464636664353231393963353766663762383036646232313230616330633139356435326631
37663733356663323432336166613338373730313266623232303662653136393661363236666563
35386136383935326465663137326266323763636433636130333630643738333232643336653738
38383339373135303766323162383434626163623335393335633364633766656632613266626139
34623131376566353264313663376632623866616435303636373662656533396632356364633364
36303138383130336331303930323662316362346334396234623864666562353838353232623134
34383737363132376231366539643264653062636531363233373561653965386536616432363630
65613965636134303966666237333334623938313436386337396631393662303432626433633034
30613466373365653735333633353562343162356431643062613865633330386339306135643737
63326566376466333333353463326534616534303633316636333261636137333636366364613832
38623133613362643230323937636664336433393631653037663065633233336161613635336332
33316464643763656530386631363633313435663339346266383136356331333032396363326131
34623736653031343938383964366432383864646330643238656638323331323933636632333666
37353661313130623837376137353935323364336635613030393535373732386264646465386439
39323331636463343361636230356664303938626636363263656161353562313833323634373766
61303331363936663264616238376437313863373139366537336663383966653765373338613831
34313232323733376434383933366338346461343435376538373038636664643565616539633265
61393538663934626264393263353233376533623262313434333363363666636635646335373633
63356231313464323936646163623739353664306134326366613761303563386631613862363364
31626332396163326665666438633238356337613736663666366363336563326231623463633332
65333765326131303637353932346535363035393333666235386536633133633266366232386262
64663362363231386333666332666338366330363837633765303163653332343632616435356336
34363365663839366164353432626661326234316562613139653436316466663334626266626462
37333638623336343933646238613163373832383234396531343331623965613532393732636532
34336539366339356433626339353562303937376564663161386438306536636364623638626538
37666230383166613463633137373534656135373134336239326361626561623230643832343330
31323537356666383438663936306166663465386337336565303639303231613663313166383066
33343239666638333135303863376662393332613039663230326562353261633336353333373130
38303962623063323639633032643137343037306461636139313632366436373663353733316233
62323466323963386238336634333736343333346163376331376166396361643735623136643732
63656133343366313263373131633765373234363763636330653962663364333938613530363438
64653031343731636562303463636361646463636538653933333835626166643138333337663031
33643461623562383162666662613165653162303238306563313034333235326633356265393134
36306666303537666336333832303436613963616438356631303933633034316630346634333161
38316133393338376232636337613336366333353639666635363234623465666639626634636135
30666239623534316264666132356363346365386134303332366639646137303836393466396430
36363538646262343532663737386263313362356265313931623336663334393362383639313563
30323730303339343838623232653738363366353937326161636232396333343339396531343263
39346162646366356137373330353532383232636438616435393364653566373037323363306333
31613262376139653766336438363038343330396165663162323135323736653237313763613439
38323636336138643932666131636338653338343636323166656237323165373264303938663433
32353865363263636137366361363730306666353665353339363262326136313335386135616662
32666663666533326561386564666334366463326239646365663466376633313734383366346163
32623065613433363964613239633130636633393837623861356662393764356438613666383238
34363831346333306135656564643237363461386239666365376639333734343336636662373662
35336339336662363632383631636330323731646134633530336362393330393635366633323734
38613032363865643034333730353033656431353431336564386633653566623539383235333537
30313430623462316565363435343233613039343562316533616331393139393564353831373265
30373539313766363832616437373939653132323634393266653139623131633430616537383666
63626336356332383036363766313038653866653161336533666365623739323235626536666463
66356363343633613532383766343437333737376139303637616531373630313137396132613032
64336633366266623764323562396562656334323834653863666531383831623765313666663632
32633835626530623461376334643234373136366164373736353539636662663839313930653965
62316433636332626235663064346134616463306438393339313433653339626261656161376461
30393561336131666265636638626463633262393830626139613234356439333235313033396131
63333138333363633263633139306136623734643832363861363239636366386665653366636161
30313036626166303666346365363630353031636231333934663265663261636163613433636239
39373031303139376438643962623532343265343438633435616665356166383130376631333563
39623838396333343935373633303433353832383632303035386164623566393933353131313839
32383731366161343539626230616663353063646662373732343663633263356661616433616634
37346466663664346562323465336431363861643435343666323064373636643837653562353061
62623562393766306635363537326461306139323963343864343537333031326166323463333130
64366263646636646563376534363062356164663566393232613537633035303433313065346664
34303637613634646461393662653864613436306635373462396330623162633639346633303165
36633232303061343936613964373632363031333663633565323836396137646139326130323735
37643035626333653261333730356563643039303038666338393265646439313364613339363535
39383936663363623362366338633636306431643437643765326463356361643766646235613364
37353465633561303435323139303236663634373536646661363462353963373835363064623235
38353538653863626135616361363430336466323434386532316264383432326563356637626263
64613761393237303765333662346137306136333536626338376361323061323134373063636239
35343163343262646433653262656135623466343266373537326431326636653063333365643739
63636531656632613437303430623462663531336465323936663638623936663966623132646432
63333134663035666234383534373663656131633131373039386331346264363766313137396466
30626161646163306365643032376361313464353434616538333438633863336239343532336230
36353434383630616437386465653333636364366239356162326462323163383732626266366336
33643863353433336332663732656361623634616530393364366165313434303836616135343262
63313233656566353234333239306237366432393335333733336334376466353561343366656239
33636661313837653262623964346638353933393937613335626530353033343533646438343730
34643536333139353033623832396438626561363234376337663338336362326334653334323239
64323930646338396165623362666162666133323465653535373730623463376630373261623536
63356537623836303437613038326132626537343335666437653933656538316361343037346432
36363062663666313663323533323738646138663834343465646263396634353331663366383961
66613236393361363264623631316238656230636431353934346437633232643264663037666662
39636237366666373630373730613139373437373466363338333166333062633630633434663639
34396361636231396262393531396132303063363966376432333163626162663032343565336266
31353834303533383534636161616435666435663462656634353361303830353231376337643863
39626135383636313937666638326164373966613338636434393761623536316561306130666639
34326337636638643261613438326135333666333561326135663164313762316433636139363361
31613062343135353931373133303065373730393033623661366464363337636664376438386331
32653730653935626631303161343164356436623736663564343962373231626166643537376439
38346234343063383439376335353138373936386633366339396537623732643662653263633162
61313534303937613538363766336235613933376237633138663439333963373064353464303937
63336635393437396635383133313834633063386636396438343761376238636463306331613132
61313237656237353161396461326139336430626330383939653634383035373331396664643638
64336564373235616333613962396332306136343935633735616462303133323461306232316238
66323534653339383131646438306338353062666232653537373931663832653462626130366237
31633765396139643864346531316330613864313431333663393132363838306433313063663531
30393666623965656664666136613563313039613531656632386563653964636134343532393239
36663130303837626133626661333431396532333937323635316638316437386233623337393864
30336139636363636534303734383033373332363932393664333335646237613433363537373465
34333665653262613064626136373534666436656139326562393663343762363032303335353061
33373966643337333938656565393437366434353231643566663834333037643630633036366433
61643832363666303238313034323466643636656437363063333235326364353331383630303138
61643330373333323232656665316366653132643933333863613031396164633164383065656135
64323137633735396431323237613432613437346139646336313435376365343366386232366363
66393866323139303432366632333531326137383937363038373361653461303663316333613335
38393731393130613064306137326563653330383665353836383365353561313139613034366430
34373636353033663937653664356666393166636635386633306437376136666461386134353733
33323837646533363838343961333039326262666662663961346462396164336530366666636633
31336437393463646665633330643238383863326237313534356139333166386562313330613863
32363333303835353037393837343734316164343431663534346436343461653463646363353530
38633935386531323361356465313335616134656237316462616363373636303331393464633631
61373031643135613131613333373537623964623530333232663339626532613264646561393339
61376131656330336138613733313337633434343166326137363335356434393436613263333338
33363063386638633439373662363534653731653463353234613331346564373731313931303130
34356235633037316161336238613561386561373233326664623933623961316335633136333539
36356663656334383566656235623137326537373831643237306534613832643964623330623238
37313566323466333035303432313364383862656134306562383839336361333664353035313534
66396636616537623637383434663433336261616338383737656562616532393330363961373536
64363431316538306530613431656166313066333962346538346137336430666665626566646265
31616533646634646361633934333434613665633531666262373961643130393435336238326237
37613432386665666337386663643364356235633837653638353733643037343435626364366635
32336237383737336565343331623566346339333163653633353534346533623134363737626234
39336534353063363064393962303136363262303264333837616432373038393035633132396632
66373730323235336333356632326630643334396665306434373462316161616562353038393366
35333132323633393439663363396534323135643739313530356434616634646436366364343235
36653233303935663034363032306335633664633139303762343562616461633937343737393236
66643134613631396361663665306433663239323630613537383466616565393165633334306262
66343531356337626364393031626432336263663266316430383732396136336535623364356234
3430
